The program likely reached a deadlock. Generating trace.
<<<Message Events>>>
[1] (start:1) send [4,BIND,0,0,1,0,0,0,0,0,2,0,0,0,0,0,3,0,0,0,0,0,0,0,0,0,0,0,0,0,0,0,0,0,0,0,0,0,0,0,0,0,0,0]
[2] (start_phil:1) recv [4,BIND,0,0,1,0,0,0,0,0,2,0,0,0,0,0,3,0,0,0,0,0,0,0,0,0,0,0,0,0,0,0,0,0,0,0,0,0,0,0,0,0,0,0]
[3] (phil_loop:1) send [1,SIT,0,0,4,0,0,0,0,0,0,0,0,0,0,0,0,0,0,0,0,0,0,0,0,0,0,0,0,0,0,0,0,0,0,0,0,0,0,0,0,0,0,0]
[4] (table_loop:1) recv [1,SIT,0,0,4,0,0,0,0,0,0,0,0,0,0,0,0,0,0,0,0,0,0,0,0,0,0,0,0,0,0,0,0,0,0,0,0,0,0,0,0,0,0,0]
[5] (table_loop:1) send [4,OK,0,0,0,0,0,0,0,0,0,0,0,0,0,0,0,0,0,0,0,0,0,0,0,0,0,0,0,0,0,0,0,0,0,0,0,0,0,0,0,0,0,0]
[6] (wait:1) recv [4,OK,0,0,0,0,0,0,0,0,0,0,0,0,0,0,0,0,0,0,0,0,0,0,0,0,0,0,0,0,0,0,0,0,0,0,0,0,0,0,0,0,0,0]
[7] (wait:1) send [0]
[8] (phil_loop:1) recv [0]
[9] (phil_loop:1) send [2,PICKUP,0,0,4,0,0,0,0,0,0,0,0,0,0,0,0,0,0,0,0,0,0,0,0,0,0,0,0,0,0,0,0,0,0,0,0,0,0,0,0,0,0,0]
[10] (start:1) send [2,LPHIL,0,0,4,0,0,0,0,0,0,0,0,0,0,0,0,0,0,0,0,0,0,0,0,0,0,0,0,0,0,0,0,0,0,0,0,0,0,0,0,0,0,0]
[11] (start_fork:1) recv [2,LPHIL,0,0,4,0,0,0,0,0,0,0,0,0,0,0,0,0,0,0,0,0,0,0,0,0,0,0,0,0,0,0,0,0,0,0,0,0,0,0,0,0,0,0]
[12] (start:1) send [3,RPHIL,0,0,4,0,0,0,0,0,0,0,0,0,0,0,0,0,0,0,0,0,0,0,0,0,0,0,0,0,0,0,0,0,0,0,0,0,0,0,0,0,0,0]
[13] (start:1) send [5,BIND,0,0,1,0,0,0,0,0,3,0,0,0,0,0,2,0,0,0,0,0,0,0,0,0,0,0,0,0,0,0,0,0,0,0,0,0,0,0,0,0,0,0]
[14] (start_phil:1) recv [5,BIND,0,0,1,0,0,0,0,0,3,0,0,0,0,0,2,0,0,0,0,0,0,0,0,0,0,0,0,0,0,0,0,0,0,0,0,0,0,0,0,0,0,0]
[15] (phil_loop:1) send [1,SIT,0,0,5,0,0,0,0,0,0,0,0,0,0,0,0,0,0,0,0,0,0,0,0,0,0,0,0,0,0,0,0,0,0,0,0,0,0,0,0,0,0,0]
[16] (table_loop:1) recv [1,SIT,0,0,5,0,0,0,0,0,0,0,0,0,0,0,0,0,0,0,0,0,0,0,0,0,0,0,0,0,0,0,0,0,0,0,0,0,0,0,0,0,0,0]
[17] (table_loop:1) send [5,OK,0,0,0,0,0,0,0,0,0,0,0,0,0,0,0,0,0,0,0,0,0,0,0,0,0,0,0,0,0,0,0,0,0,0,0,0,0,0,0,0,0,0]
[18] (wait:1) recv [5,OK,0,0,0,0,0,0,0,0,0,0,0,0,0,0,0,0,0,0,0,0,0,0,0,0,0,0,0,0,0,0,0,0,0,0,0,0,0,0,0,0,0,0]
[19] (wait:1) send [0]
[20] (phil_loop:1) recv [0]
[21] (phil_loop:1) send [3,PICKUP,0,0,5,0,0,0,0,0,0,0,0,0,0,0,0,0,0,0,0,0,0,0,0,0,0,0,0,0,0,0,0,0,0,0,0,0,0,0,0,0,0,0]
[22] (start:1) send [3,LPHIL,0,0,5,0,0,0,0,0,0,0,0,0,0,0,0,0,0,0,0,0,0,0,0,0,0,0,0,0,0,0,0,0,0,0,0,0,0,0,0,0,0,0]
[23] (start_fork:1) recv [3,LPHIL,0,0,5,0,0,0,0,0,0,0,0,0,0,0,0,0,0,0,0,0,0,0,0,0,0,0,0,0,0,0,0,0,0,0,0,0,0,0,0,0,0,0]
[24] (start_fork:1) recv [3,RPHIL,0,0,4,0,0,0,0,0,0,0,0,0,0,0,0,0,0,0,0,0,0,0,0,0,0,0,0,0,0,0,0,0,0,0,0,0,0,0,0,0,0,0]
[25] (fork_loop:1) recv [3,PICKUP,0,0,5,0,0,0,0,0,0,0,0,0,0,0,0,0,0,0,0,0,0,0,0,0,0,0,0,0,0,0,0,0,0,0,0,0,0,0,0,0,0,0]
[26] (fork_loop:1) send [5,OK,0,0,0,0,0,0,0,0,0,0,0,0,0,0,0,0,0,0,0,0,0,0,0,0,0,0,0,0,0,0,0,0,0,0,0,0,0,0,0,0,0,0]
[27] (wait:1) recv [5,OK,0,0,0,0,0,0,0,0,0,0,0,0,0,0,0,0,0,0,0,0,0,0,0,0,0,0,0,0,0,0,0,0,0,0,0,0,0,0,0,0,0,0]
[28] (wait:1) send [0]
[29] (phil_loop:1) recv [0]
[30] (phil_loop:1) send [2,PICKUP,0,0,5,0,0,0,0,0,0,0,0,0,0,0,0,0,0,0,0,0,0,0,0,0,0,0,0,0,0,0,0,0,0,0,0,0,0,0,0,0,0,0]
[31] (start:1) send [2,RPHIL,0,0,5,0,0,0,0,0,0,0,0,0,0,0,0,0,0,0,0,0,0,0,0,0,0,0,0,0,0,0,0,0,0,0,0,0,0,0,0,0,0,0]
[32] (start_fork:1) recv [2,RPHIL,0,0,5,0,0,0,0,0,0,0,0,0,0,0,0,0,0,0,0,0,0,0,0,0,0,0,0,0,0,0,0,0,0,0,0,0,0,0,0,0,0,0]
[33] (fork_loop:1) recv [2,PICKUP,0,0,4,0,0,0,0,0,0,0,0,0,0,0,0,0,0,0,0,0,0,0,0,0,0,0,0,0,0,0,0,0,0,0,0,0,0,0,0,0,0,0]
[34] (fork_loop:1) send [4,OK,0,0,0,0,0,0,0,0,0,0,0,0,0,0,0,0,0,0,0,0,0,0,0,0,0,0,0,0,0,0,0,0,0,0,0,0,0,0,0,0,0,0]
[35] (wait:1) recv [4,OK,0,0,0,0,0,0,0,0,0,0,0,0,0,0,0,0,0,0,0,0,0,0,0,0,0,0,0,0,0,0,0,0,0,0,0,0,0,0,0,0,0,0]
[36] (wait:1) send [0]
[37] (phil_loop:1) recv [0]
[38] (phil_loop:1) send [3,PICKUP,0,0,4,0,0,0,0,0,0,0,0,0,0,0,0,0,0,0,0,0,0,0,0,0,0,0,0,0,0,0,0,0,0,0,0,0,0,0,0,0,0,0]

<<<Error Trace>>>
[1] (proc_0) start:120 [send lfork, {:lphil, phil}]
[2] (proc_4) start_phil:20 [end]
[3] (proc_6) phil_loop:27 [wait()]
[4] (proc_1) table_loop:0 []
[5] (proc_1) table_loop:6 [table_loop()]
[6] (proc_7) wait:53 [end]
[8] (proc_6) phil_loop:28 []
[9] (proc_6) phil_loop:31 [wait()]
[10] (proc_0) start:121 [send rfork, {:rphil, phil}]
[11] (proc_2) start_fork:0 []
[12] (proc_0) start:122 [end]
[13] (proc_0) start:120 [send lfork, {:lphil, phil}]
[14] (proc_5) start_phil:20 [end]
[15] (proc_9) phil_loop:27 [wait()]
[16] (proc_8) table_loop:0 []
[17] (proc_8) table_loop:6 [table_loop()]
[18] (proc_10) wait:53 [end]
[20] (proc_9) phil_loop:28 []
[21] (proc_9) phil_loop:31 [wait()]
[22] (proc_0) start:121 [send rfork, {:rphil, phil}]
[23] (proc_3) start_fork:0 []
[24] (proc_3) start_fork:0 []
[25] (proc_12) fork_loop:0 []
[26] (proc_12) fork_loop:76 [fork_loop(1, lphil, rphil)]
[27] (proc_10) wait:53 [end]
[29] (proc_9) phil_loop:32 [IO.puts "lfork"]
[30] (proc_9) phil_loop:35 [wait()]
[31] (proc_0) start:122 [end]
[32] (proc_2) start_fork:0 []
[33] (proc_15) fork_loop:0 []
[34] (proc_15) fork_loop:76 [fork_loop(1, lphil, rphil)]
[35] (proc_7) wait:53 [end]
[37] (proc_6) phil_loop:32 [IO.puts "lfork"]
[38] (proc_6) phil_loop:35 [wait()]
[39] (proc_17) wait:52 [{:ok} -> :ok]
[40] (proc_16) fork_loop:86 [{:putdown, phil} ->]
[41] (proc_15) fork_loop:77 [else]
[42] (proc_14) wait:52 [{:ok} -> :ok]
[43] (proc_13) fork_loop:86 [{:putdown, phil} ->]
[44] (proc_12) fork_loop:77 [else]
[45] (proc_11) table_loop:4 [{:sit, phil} ->]
[47] (proc_9) phil_loop:36 [IO.puts "rfork"]
[48] (proc_8) table_loop:7 [{:leave, phil} ->]
[50] (proc_6) phil_loop:36 [IO.puts "rfork"]
[51] (proc_5) start_phil:20 [end]
[52] (proc_4) start_phil:20 [end]
[53] (proc_3) start_fork:64 [end]
[54] (proc_2) start_fork:64 [end]
[55] (proc_1) table_loop:7 [{:leave, phil} ->]
[56] (proc_0) start:126 [{:done} -> :ok]
Elapsed time: 7.096563313.